place(0.578, -6.368, 14.009, "Brawler", 600)
place(2.650, -6.368, 6.839, "Scout", 150)
place(1.599, -6.368, 4.004, "Scout", 150)
place(8.294, -6.368, 10.711, "Brawler", 600)
place(6.778, -6.368, 12.128, "Brawler", 600)
place(1.266, -6.368, 15.919, "Brawler", 600)
place(1.629, -6.368, 17.977, "Brawler", 600)
place(5.283, -6.368, 13.661, "Brawler", 600)
place(-1.213, -6.368, 17.601, "Brawler", 600)
place(-1.683, -6.368, 16.095, "Scout", 150)
place(-4.797, -6.368, 16.929, "Scout", 150)
place(-1.595, -6.368, 19.142, "Scout", 150)
place(-4.536, -6.368, 20.150, "Scout", 150)
place(-1.624, -6.368, 22.316, "Scout", 150)
place(-8.005, -6.368, 16.904, "Scout", 150)
place(-7.629, -6.368, 19.989, "Scout", 150)
place(-4.659, -6.368, 23.347, "Scout", 150)
place(-7.662, -6.368, 23.170, "Scout", 150)
place(-11.173, -6.368, 16.808, "Scout", 150)
place(-10.772, -6.368, 19.958, "Scout", 150)
place(-10.862, -6.368, 23.206, "Scout", 150)
place(-14.079, -6.368, 15.691, "Scout", 150)
place(-13.920, -6.368, 18.972, "Scout", 150)
upgrade(-1.683, -5.018, 16.095, 50)
upgrade(-1.595, -5.018, 19.142, 50)
upgrade(-1.624, -5.018, 22.316, 50)
upgrade(-4.797, -5.018, 16.929, 50)
upgrade(-4.536, -5.018, 20.150, 50)
upgrade(-4.659, -5.018, 23.347, 50)
place(6.115, -6.368, 20.648, "Scout", 150)
upgrade(-4.797, -5.018, 16.929, 200)
upgrade(-8.005, -5.018, 16.904, 50)
upgrade(-4.536, -5.018, 20.150, 200)
upgrade(-4.659, -5.018, 23.347, 200)
upgrade(-7.662, -5.018, 23.170, 50)
upgrade(-7.629, -5.018, 19.989, 50)
upgrade(-11.173, -5.018, 16.808, 50)
upgrade(-14.079, -5.018, 15.691, 50)
upgrade(-13.920, -5.018, 18.972, 50)
upgrade(-10.772, -5.018, 19.958, 50)
upgrade(-10.862, -5.018, 23.206, 50)
upgrade(2.650, -5.018, 6.839, 50)
upgrade(1.599, -5.018, 4.004, 50)
